{
 "cells": [
  {
   "cell_type": "markdown",
   "id": "a226a391",
   "metadata": {},
   "source": [
    "# INTRODUCTION\n",
    "We will be working on a data set that comes from the real estate industry in Boston (US). Using machine learning techniques to delve into the given data and predict the median value of owner-occupied homes in 1000 USD's. The target variable in this dataset is MEDV and we will use test dataset to predict the median value.\n",
    "\n",
    "Data Description\n",
    "\n",
    "CRIM: per capita crime rate by town\n",
    "\n",
    "ZN: proportion of residential land zoned for lots over 25,000 sq.ft.\n",
    "\n",
    "INDUS: proportion of non-retail business acres per town\n",
    "\n",
    "CHAS: Charles River dummy variable (= 1 if tract bounds river; 0 otherwise)\n",
    "\n",
    "NOX: nitric oxides concentration (parts per 10 million)\n",
    "\n",
    "RM: average number of rooms per dwelling\n",
    "\n",
    "AGE: proportion of owner-occupied units built prior to 1940\n",
    "\n",
    "DIS: weighted distances to five Boston employment centres\n",
    "\n",
    "RAD: index of accessibility to radial highways\n",
    "\n",
    "TAX: full-value property-tax rate per 10,000 USD\n",
    "\n",
    "PTRATIO: pupil-teacher ratio by town\n",
    "\n",
    "B: 1000(Bk - 0.63)^2 where Bk is the proportion of blacks by town\n",
    "\n",
    "LSTAT: lower status of the population (%)\n",
    "\n",
    "MEDV: Median value of owner-occupied homes in 1000 USD's"
   ]
  },
  {
   "cell_type": "code",
   "execution_count": 1,
   "id": "0d2f8671",
   "metadata": {},
   "outputs": [],
   "source": [
    "import pandas as pd\n",
    "import numpy as np\n",
    "from sklearn.linear_model import LinearRegression\n",
    "from sklearn.model_selection import train_test_split\n",
    "from sklearn.metrics import mean_squared_error"
   ]
  },
  {
   "cell_type": "code",
   "execution_count": 2,
   "id": "25c73a14",
   "metadata": {},
   "outputs": [],
   "source": [
    "boston_data = pd.read_csv(\"https://raw.githubusercontent.com/dphi-official/Datasets/master/Boston_Housing/Training_set_boston.csv\" )\n"
   ]
  },
  {
   "cell_type": "code",
   "execution_count": 3,
   "id": "1ad6fda0",
   "metadata": {},
   "outputs": [],
   "source": [
    "eval_data = pd.read_csv('https://raw.githubusercontent.com/dphi-official/Datasets/master/Boston_Housing/Testing_set_boston.csv')"
   ]
  },
  {
   "cell_type": "code",
   "execution_count": 4,
   "id": "283fba54",
   "metadata": {},
   "outputs": [
    {
     "name": "stdout",
     "output_type": "stream",
     "text": [
      "<class 'pandas.core.frame.DataFrame'>\n",
      "RangeIndex: 404 entries, 0 to 403\n",
      "Data columns (total 14 columns):\n",
      " #   Column   Non-Null Count  Dtype  \n",
      "---  ------   --------------  -----  \n",
      " 0   CRIM     404 non-null    float64\n",
      " 1   ZN       404 non-null    float64\n",
      " 2   INDUS    404 non-null    float64\n",
      " 3   CHAS     404 non-null    float64\n",
      " 4   NOX      404 non-null    float64\n",
      " 5   RM       404 non-null    float64\n",
      " 6   AGE      404 non-null    float64\n",
      " 7   DIS      404 non-null    float64\n",
      " 8   RAD      404 non-null    float64\n",
      " 9   TAX      404 non-null    float64\n",
      " 10  PTRATIO  404 non-null    float64\n",
      " 11  B        404 non-null    float64\n",
      " 12  LSTAT    404 non-null    float64\n",
      " 13  MEDV     404 non-null    float64\n",
      "dtypes: float64(14)\n",
      "memory usage: 44.3 KB\n"
     ]
    }
   ],
   "source": [
    "boston_data.info()"
   ]
  },
  {
   "cell_type": "code",
   "execution_count": 5,
   "id": "0c11a594",
   "metadata": {},
   "outputs": [
    {
     "name": "stdout",
     "output_type": "stream",
     "text": [
      "<class 'pandas.core.frame.DataFrame'>\n",
      "RangeIndex: 102 entries, 0 to 101\n",
      "Data columns (total 13 columns):\n",
      " #   Column   Non-Null Count  Dtype  \n",
      "---  ------   --------------  -----  \n",
      " 0   CRIM     102 non-null    float64\n",
      " 1   ZN       102 non-null    float64\n",
      " 2   INDUS    102 non-null    float64\n",
      " 3   CHAS     102 non-null    float64\n",
      " 4   NOX      102 non-null    float64\n",
      " 5   RM       102 non-null    float64\n",
      " 6   AGE      102 non-null    float64\n",
      " 7   DIS      102 non-null    float64\n",
      " 8   RAD      102 non-null    float64\n",
      " 9   TAX      102 non-null    float64\n",
      " 10  PTRATIO  102 non-null    float64\n",
      " 11  B        102 non-null    float64\n",
      " 12  LSTAT    102 non-null    float64\n",
      "dtypes: float64(13)\n",
      "memory usage: 10.5 KB\n"
     ]
    }
   ],
   "source": [
    "eval_data.info()"
   ]
  },
  {
   "cell_type": "code",
   "execution_count": 6,
   "id": "5583536a",
   "metadata": {},
   "outputs": [
    {
     "data": {
      "text/html": [
       "<div>\n",
       "<style scoped>\n",
       "    .dataframe tbody tr th:only-of-type {\n",
       "        vertical-align: middle;\n",
       "    }\n",
       "\n",
       "    .dataframe tbody tr th {\n",
       "        vertical-align: top;\n",
       "    }\n",
       "\n",
       "    .dataframe thead th {\n",
       "        text-align: right;\n",
       "    }\n",
       "</style>\n",
       "<table border=\"1\" class=\"dataframe\">\n",
       "  <thead>\n",
       "    <tr style=\"text-align: right;\">\n",
       "      <th></th>\n",
       "      <th>CRIM</th>\n",
       "      <th>ZN</th>\n",
       "      <th>INDUS</th>\n",
       "      <th>CHAS</th>\n",
       "      <th>NOX</th>\n",
       "      <th>RM</th>\n",
       "      <th>AGE</th>\n",
       "      <th>DIS</th>\n",
       "      <th>RAD</th>\n",
       "      <th>TAX</th>\n",
       "      <th>PTRATIO</th>\n",
       "      <th>B</th>\n",
       "      <th>LSTAT</th>\n",
       "      <th>MEDV</th>\n",
       "    </tr>\n",
       "  </thead>\n",
       "  <tbody>\n",
       "    <tr>\n",
       "      <th>CRIM</th>\n",
       "      <td>1.000000</td>\n",
       "      <td>-0.198855</td>\n",
       "      <td>0.400198</td>\n",
       "      <td>-0.044589</td>\n",
       "      <td>0.396406</td>\n",
       "      <td>-0.200303</td>\n",
       "      <td>0.334090</td>\n",
       "      <td>-0.366487</td>\n",
       "      <td>0.615947</td>\n",
       "      <td>0.576894</td>\n",
       "      <td>0.288970</td>\n",
       "      <td>-0.356858</td>\n",
       "      <td>0.414142</td>\n",
       "      <td>-0.380091</td>\n",
       "    </tr>\n",
       "    <tr>\n",
       "      <th>ZN</th>\n",
       "      <td>-0.198855</td>\n",
       "      <td>1.000000</td>\n",
       "      <td>-0.533489</td>\n",
       "      <td>-0.043754</td>\n",
       "      <td>-0.526414</td>\n",
       "      <td>0.274661</td>\n",
       "      <td>-0.575078</td>\n",
       "      <td>0.681817</td>\n",
       "      <td>-0.313790</td>\n",
       "      <td>-0.294267</td>\n",
       "      <td>-0.389163</td>\n",
       "      <td>0.178652</td>\n",
       "      <td>-0.396572</td>\n",
       "      <td>0.309504</td>\n",
       "    </tr>\n",
       "    <tr>\n",
       "      <th>INDUS</th>\n",
       "      <td>0.400198</td>\n",
       "      <td>-0.533489</td>\n",
       "      <td>1.000000</td>\n",
       "      <td>0.095158</td>\n",
       "      <td>0.770957</td>\n",
       "      <td>-0.398690</td>\n",
       "      <td>0.636569</td>\n",
       "      <td>-0.707566</td>\n",
       "      <td>0.588952</td>\n",
       "      <td>0.702353</td>\n",
       "      <td>0.348303</td>\n",
       "      <td>-0.363151</td>\n",
       "      <td>0.603644</td>\n",
       "      <td>-0.470546</td>\n",
       "    </tr>\n",
       "    <tr>\n",
       "      <th>CHAS</th>\n",
       "      <td>-0.044589</td>\n",
       "      <td>-0.043754</td>\n",
       "      <td>0.095158</td>\n",
       "      <td>1.000000</td>\n",
       "      <td>0.135476</td>\n",
       "      <td>0.111272</td>\n",
       "      <td>0.096016</td>\n",
       "      <td>-0.121671</td>\n",
       "      <td>0.028685</td>\n",
       "      <td>0.007746</td>\n",
       "      <td>-0.113003</td>\n",
       "      <td>0.041666</td>\n",
       "      <td>-0.070652</td>\n",
       "      <td>0.190642</td>\n",
       "    </tr>\n",
       "    <tr>\n",
       "      <th>NOX</th>\n",
       "      <td>0.396406</td>\n",
       "      <td>-0.526414</td>\n",
       "      <td>0.770957</td>\n",
       "      <td>0.135476</td>\n",
       "      <td>1.000000</td>\n",
       "      <td>-0.299615</td>\n",
       "      <td>0.720417</td>\n",
       "      <td>-0.772330</td>\n",
       "      <td>0.589061</td>\n",
       "      <td>0.650247</td>\n",
       "      <td>0.161253</td>\n",
       "      <td>-0.368034</td>\n",
       "      <td>0.593862</td>\n",
       "      <td>-0.415768</td>\n",
       "    </tr>\n",
       "    <tr>\n",
       "      <th>RM</th>\n",
       "      <td>-0.200303</td>\n",
       "      <td>0.274661</td>\n",
       "      <td>-0.398690</td>\n",
       "      <td>0.111272</td>\n",
       "      <td>-0.299615</td>\n",
       "      <td>1.000000</td>\n",
       "      <td>-0.210863</td>\n",
       "      <td>0.198299</td>\n",
       "      <td>-0.199738</td>\n",
       "      <td>-0.281127</td>\n",
       "      <td>-0.342643</td>\n",
       "      <td>0.113347</td>\n",
       "      <td>-0.612577</td>\n",
       "      <td>0.710680</td>\n",
       "    </tr>\n",
       "    <tr>\n",
       "      <th>AGE</th>\n",
       "      <td>0.334090</td>\n",
       "      <td>-0.575078</td>\n",
       "      <td>0.636569</td>\n",
       "      <td>0.096016</td>\n",
       "      <td>0.720417</td>\n",
       "      <td>-0.210863</td>\n",
       "      <td>1.000000</td>\n",
       "      <td>-0.756589</td>\n",
       "      <td>0.430321</td>\n",
       "      <td>0.471670</td>\n",
       "      <td>0.240841</td>\n",
       "      <td>-0.265186</td>\n",
       "      <td>0.571051</td>\n",
       "      <td>-0.340216</td>\n",
       "    </tr>\n",
       "    <tr>\n",
       "      <th>DIS</th>\n",
       "      <td>-0.366487</td>\n",
       "      <td>0.681817</td>\n",
       "      <td>-0.707566</td>\n",
       "      <td>-0.121671</td>\n",
       "      <td>-0.772330</td>\n",
       "      <td>0.198299</td>\n",
       "      <td>-0.756589</td>\n",
       "      <td>1.000000</td>\n",
       "      <td>-0.483329</td>\n",
       "      <td>-0.523577</td>\n",
       "      <td>-0.217588</td>\n",
       "      <td>0.291122</td>\n",
       "      <td>-0.494921</td>\n",
       "      <td>0.235114</td>\n",
       "    </tr>\n",
       "    <tr>\n",
       "      <th>RAD</th>\n",
       "      <td>0.615947</td>\n",
       "      <td>-0.313790</td>\n",
       "      <td>0.588952</td>\n",
       "      <td>0.028685</td>\n",
       "      <td>0.589061</td>\n",
       "      <td>-0.199738</td>\n",
       "      <td>0.430321</td>\n",
       "      <td>-0.483329</td>\n",
       "      <td>1.000000</td>\n",
       "      <td>0.912527</td>\n",
       "      <td>0.472257</td>\n",
       "      <td>-0.439387</td>\n",
       "      <td>0.480301</td>\n",
       "      <td>-0.387467</td>\n",
       "    </tr>\n",
       "    <tr>\n",
       "      <th>TAX</th>\n",
       "      <td>0.576894</td>\n",
       "      <td>-0.294267</td>\n",
       "      <td>0.702353</td>\n",
       "      <td>0.007746</td>\n",
       "      <td>0.650247</td>\n",
       "      <td>-0.281127</td>\n",
       "      <td>0.471670</td>\n",
       "      <td>-0.523577</td>\n",
       "      <td>0.912527</td>\n",
       "      <td>1.000000</td>\n",
       "      <td>0.444836</td>\n",
       "      <td>-0.442027</td>\n",
       "      <td>0.530632</td>\n",
       "      <td>-0.459795</td>\n",
       "    </tr>\n",
       "    <tr>\n",
       "      <th>PTRATIO</th>\n",
       "      <td>0.288970</td>\n",
       "      <td>-0.389163</td>\n",
       "      <td>0.348303</td>\n",
       "      <td>-0.113003</td>\n",
       "      <td>0.161253</td>\n",
       "      <td>-0.342643</td>\n",
       "      <td>0.240841</td>\n",
       "      <td>-0.217588</td>\n",
       "      <td>0.472257</td>\n",
       "      <td>0.444836</td>\n",
       "      <td>1.000000</td>\n",
       "      <td>-0.173958</td>\n",
       "      <td>0.360167</td>\n",
       "      <td>-0.491210</td>\n",
       "    </tr>\n",
       "    <tr>\n",
       "      <th>B</th>\n",
       "      <td>-0.356858</td>\n",
       "      <td>0.178652</td>\n",
       "      <td>-0.363151</td>\n",
       "      <td>0.041666</td>\n",
       "      <td>-0.368034</td>\n",
       "      <td>0.113347</td>\n",
       "      <td>-0.265186</td>\n",
       "      <td>0.291122</td>\n",
       "      <td>-0.439387</td>\n",
       "      <td>-0.442027</td>\n",
       "      <td>-0.173958</td>\n",
       "      <td>1.000000</td>\n",
       "      <td>-0.340873</td>\n",
       "      <td>0.339918</td>\n",
       "    </tr>\n",
       "    <tr>\n",
       "      <th>LSTAT</th>\n",
       "      <td>0.414142</td>\n",
       "      <td>-0.396572</td>\n",
       "      <td>0.603644</td>\n",
       "      <td>-0.070652</td>\n",
       "      <td>0.593862</td>\n",
       "      <td>-0.612577</td>\n",
       "      <td>0.571051</td>\n",
       "      <td>-0.494921</td>\n",
       "      <td>0.480301</td>\n",
       "      <td>0.530632</td>\n",
       "      <td>0.360167</td>\n",
       "      <td>-0.340873</td>\n",
       "      <td>1.000000</td>\n",
       "      <td>-0.736422</td>\n",
       "    </tr>\n",
       "    <tr>\n",
       "      <th>MEDV</th>\n",
       "      <td>-0.380091</td>\n",
       "      <td>0.309504</td>\n",
       "      <td>-0.470546</td>\n",
       "      <td>0.190642</td>\n",
       "      <td>-0.415768</td>\n",
       "      <td>0.710680</td>\n",
       "      <td>-0.340216</td>\n",
       "      <td>0.235114</td>\n",
       "      <td>-0.387467</td>\n",
       "      <td>-0.459795</td>\n",
       "      <td>-0.491210</td>\n",
       "      <td>0.339918</td>\n",
       "      <td>-0.736422</td>\n",
       "      <td>1.000000</td>\n",
       "    </tr>\n",
       "  </tbody>\n",
       "</table>\n",
       "</div>"
      ],
      "text/plain": [
       "             CRIM        ZN     INDUS      CHAS       NOX        RM       AGE  \\\n",
       "CRIM     1.000000 -0.198855  0.400198 -0.044589  0.396406 -0.200303  0.334090   \n",
       "ZN      -0.198855  1.000000 -0.533489 -0.043754 -0.526414  0.274661 -0.575078   \n",
       "INDUS    0.400198 -0.533489  1.000000  0.095158  0.770957 -0.398690  0.636569   \n",
       "CHAS    -0.044589 -0.043754  0.095158  1.000000  0.135476  0.111272  0.096016   \n",
       "NOX      0.396406 -0.526414  0.770957  0.135476  1.000000 -0.299615  0.720417   \n",
       "RM      -0.200303  0.274661 -0.398690  0.111272 -0.299615  1.000000 -0.210863   \n",
       "AGE      0.334090 -0.575078  0.636569  0.096016  0.720417 -0.210863  1.000000   \n",
       "DIS     -0.366487  0.681817 -0.707566 -0.121671 -0.772330  0.198299 -0.756589   \n",
       "RAD      0.615947 -0.313790  0.588952  0.028685  0.589061 -0.199738  0.430321   \n",
       "TAX      0.576894 -0.294267  0.702353  0.007746  0.650247 -0.281127  0.471670   \n",
       "PTRATIO  0.288970 -0.389163  0.348303 -0.113003  0.161253 -0.342643  0.240841   \n",
       "B       -0.356858  0.178652 -0.363151  0.041666 -0.368034  0.113347 -0.265186   \n",
       "LSTAT    0.414142 -0.396572  0.603644 -0.070652  0.593862 -0.612577  0.571051   \n",
       "MEDV    -0.380091  0.309504 -0.470546  0.190642 -0.415768  0.710680 -0.340216   \n",
       "\n",
       "              DIS       RAD       TAX   PTRATIO         B     LSTAT      MEDV  \n",
       "CRIM    -0.366487  0.615947  0.576894  0.288970 -0.356858  0.414142 -0.380091  \n",
       "ZN       0.681817 -0.313790 -0.294267 -0.389163  0.178652 -0.396572  0.309504  \n",
       "INDUS   -0.707566  0.588952  0.702353  0.348303 -0.363151  0.603644 -0.470546  \n",
       "CHAS    -0.121671  0.028685  0.007746 -0.113003  0.041666 -0.070652  0.190642  \n",
       "NOX     -0.772330  0.589061  0.650247  0.161253 -0.368034  0.593862 -0.415768  \n",
       "RM       0.198299 -0.199738 -0.281127 -0.342643  0.113347 -0.612577  0.710680  \n",
       "AGE     -0.756589  0.430321  0.471670  0.240841 -0.265186  0.571051 -0.340216  \n",
       "DIS      1.000000 -0.483329 -0.523577 -0.217588  0.291122 -0.494921  0.235114  \n",
       "RAD     -0.483329  1.000000  0.912527  0.472257 -0.439387  0.480301 -0.387467  \n",
       "TAX     -0.523577  0.912527  1.000000  0.444836 -0.442027  0.530632 -0.459795  \n",
       "PTRATIO -0.217588  0.472257  0.444836  1.000000 -0.173958  0.360167 -0.491210  \n",
       "B        0.291122 -0.439387 -0.442027 -0.173958  1.000000 -0.340873  0.339918  \n",
       "LSTAT   -0.494921  0.480301  0.530632  0.360167 -0.340873  1.000000 -0.736422  \n",
       "MEDV     0.235114 -0.387467 -0.459795 -0.491210  0.339918 -0.736422  1.000000  "
      ]
     },
     "execution_count": 6,
     "metadata": {},
     "output_type": "execute_result"
    }
   ],
   "source": [
    "boston_data.corr()"
   ]
  },
  {
   "cell_type": "code",
   "execution_count": 7,
   "id": "4582b02d",
   "metadata": {},
   "outputs": [],
   "source": [
    "y=boston_data['MEDV']\n",
    "x=boston_data.drop(labels=['MEDV'],axis=1)"
   ]
  },
  {
   "cell_type": "code",
   "execution_count": 9,
   "id": "6d2236f7",
   "metadata": {},
   "outputs": [
    {
     "data": {
      "text/html": [
       "<style>#sk-container-id-1 {color: black;background-color: white;}#sk-container-id-1 pre{padding: 0;}#sk-container-id-1 div.sk-toggleable {background-color: white;}#sk-container-id-1 label.sk-toggleable__label {cursor: pointer;display: block;width: 100%;margin-bottom: 0;padding: 0.3em;box-sizing: border-box;text-align: center;}#sk-container-id-1 label.sk-toggleable__label-arrow:before {content: \"▸\";float: left;margin-right: 0.25em;color: #696969;}#sk-container-id-1 label.sk-toggleable__label-arrow:hover:before {color: black;}#sk-container-id-1 div.sk-estimator:hover label.sk-toggleable__label-arrow:before {color: black;}#sk-container-id-1 div.sk-toggleable__content {max-height: 0;max-width: 0;overflow: hidden;text-align: left;background-color: #f0f8ff;}#sk-container-id-1 div.sk-toggleable__content pre {margin: 0.2em;color: black;border-radius: 0.25em;background-color: #f0f8ff;}#sk-container-id-1 input.sk-toggleable__control:checked~div.sk-toggleable__content {max-height: 200px;max-width: 100%;overflow: auto;}#sk-container-id-1 input.sk-toggleable__control:checked~label.sk-toggleable__label-arrow:before {content: \"▾\";}#sk-container-id-1 div.sk-estimator input.sk-toggleable__control:checked~label.sk-toggleable__label {background-color: #d4ebff;}#sk-container-id-1 div.sk-label input.sk-toggleable__control:checked~label.sk-toggleable__label {background-color: #d4ebff;}#sk-container-id-1 input.sk-hidden--visually {border: 0;clip: rect(1px 1px 1px 1px);clip: rect(1px, 1px, 1px, 1px);height: 1px;margin: -1px;overflow: hidden;padding: 0;position: absolute;width: 1px;}#sk-container-id-1 div.sk-estimator {font-family: monospace;background-color: #f0f8ff;border: 1px dotted black;border-radius: 0.25em;box-sizing: border-box;margin-bottom: 0.5em;}#sk-container-id-1 div.sk-estimator:hover {background-color: #d4ebff;}#sk-container-id-1 div.sk-parallel-item::after {content: \"\";width: 100%;border-bottom: 1px solid gray;flex-grow: 1;}#sk-container-id-1 div.sk-label:hover label.sk-toggleable__label {background-color: #d4ebff;}#sk-container-id-1 div.sk-serial::before {content: \"\";position: absolute;border-left: 1px solid gray;box-sizing: border-box;top: 0;bottom: 0;left: 50%;z-index: 0;}#sk-container-id-1 div.sk-serial {display: flex;flex-direction: column;align-items: center;background-color: white;padding-right: 0.2em;padding-left: 0.2em;position: relative;}#sk-container-id-1 div.sk-item {position: relative;z-index: 1;}#sk-container-id-1 div.sk-parallel {display: flex;align-items: stretch;justify-content: center;background-color: white;position: relative;}#sk-container-id-1 div.sk-item::before, #sk-container-id-1 div.sk-parallel-item::before {content: \"\";position: absolute;border-left: 1px solid gray;box-sizing: border-box;top: 0;bottom: 0;left: 50%;z-index: -1;}#sk-container-id-1 div.sk-parallel-item {display: flex;flex-direction: column;z-index: 1;position: relative;background-color: white;}#sk-container-id-1 div.sk-parallel-item:first-child::after {align-self: flex-end;width: 50%;}#sk-container-id-1 div.sk-parallel-item:last-child::after {align-self: flex-start;width: 50%;}#sk-container-id-1 div.sk-parallel-item:only-child::after {width: 0;}#sk-container-id-1 div.sk-dashed-wrapped {border: 1px dashed gray;margin: 0 0.4em 0.5em 0.4em;box-sizing: border-box;padding-bottom: 0.4em;background-color: white;}#sk-container-id-1 div.sk-label label {font-family: monospace;font-weight: bold;display: inline-block;line-height: 1.2em;}#sk-container-id-1 div.sk-label-container {text-align: center;}#sk-container-id-1 div.sk-container {/* jupyter's `normalize.less` sets `[hidden] { display: none; }` but bootstrap.min.css set `[hidden] { display: none !important; }` so we also need the `!important` here to be able to override the default hidden behavior on the sphinx rendered scikit-learn.org. See: https://github.com/scikit-learn/scikit-learn/issues/21755 */display: inline-block !important;position: relative;}#sk-container-id-1 div.sk-text-repr-fallback {display: none;}</style><div id=\"sk-container-id-1\" class=\"sk-top-container\"><div class=\"sk-text-repr-fallback\"><pre>LinearRegression()</pre><b>In a Jupyter environment, please rerun this cell to show the HTML representation or trust the notebook. <br />On GitHub, the HTML representation is unable to render, please try loading this page with nbviewer.org.</b></div><div class=\"sk-container\" hidden><div class=\"sk-item\"><div class=\"sk-estimator sk-toggleable\"><input class=\"sk-toggleable__control sk-hidden--visually\" id=\"sk-estimator-id-1\" type=\"checkbox\" checked><label for=\"sk-estimator-id-1\" class=\"sk-toggleable__label sk-toggleable__label-arrow\">LinearRegression</label><div class=\"sk-toggleable__content\"><pre>LinearRegression()</pre></div></div></div></div></div>"
      ],
      "text/plain": [
       "LinearRegression()"
      ]
     },
     "execution_count": 9,
     "metadata": {},
     "output_type": "execute_result"
    }
   ],
   "source": [
    "model=LinearRegression()\n",
    "model.fit(x,y)"
   ]
  },
  {
   "cell_type": "code",
   "execution_count": 10,
   "id": "c974bde1",
   "metadata": {},
   "outputs": [],
   "source": [
    "y_pred=model.predict(eval_data)"
   ]
  },
  {
   "cell_type": "code",
   "execution_count": 11,
   "id": "787f9b15",
   "metadata": {},
   "outputs": [
    {
     "name": "stdout",
     "output_type": "stream",
     "text": [
      "[28.99672362 36.02556534 14.81694405 25.03197915 18.76987992 23.25442929\n",
      " 17.66253818 14.34119    23.01320703 20.63245597 24.90850512 18.63883645\n",
      " -6.08842184 21.75834668 19.23922576 26.19319733 20.64773313  5.79472718\n",
      " 40.50033966 17.61289074 27.24909479 30.06625441 11.34179277 24.16077616\n",
      " 17.86058499 15.83609765 22.78148106 14.57704449 22.43626052 19.19631835\n",
      " 22.43383455 25.21979081 25.93909562 17.70162434 16.76911711 16.95125411\n",
      " 31.23340153 20.13246729 23.76579011 24.6322925  13.94204955 32.25576301\n",
      " 42.67251161 17.32745046 27.27618614 16.99310991 14.07009109 25.90341861\n",
      " 20.29485982 29.95339638 21.28860173 34.34451856 16.04739105 26.22562412\n",
      " 39.53939798 22.57950697 18.84531367 32.72531661 25.0673037  12.88628956\n",
      " 22.68221908 30.48287757 31.52626806 15.90148607 20.22094826 16.71089812\n",
      " 20.52384893 25.96356264 30.61607978 11.59783023 20.51232627 27.48111878\n",
      " 11.01962332 15.68096344 23.79316251  6.19929359 21.6039073  41.41377225\n",
      " 18.76548695  8.87931901 20.83076916 13.25620627 20.73963699  9.36482222\n",
      " 23.22444271 31.9155003  19.10228271 25.51579303 29.04256769 20.14358566\n",
      " 25.5859787   5.70159447 20.09474756 14.95069156 12.50395648 20.72635294\n",
      " 24.73957161 -0.164237   13.68486682 16.18359697 22.27621999 24.47902364]\n"
     ]
    }
   ],
   "source": [
    "print(y_pred)"
   ]
  },
  {
   "cell_type": "code",
   "execution_count": null,
   "id": "25021790",
   "metadata": {},
   "outputs": [],
   "source": []
  }
 ],
 "metadata": {
  "kernelspec": {
   "display_name": "Python 3 (ipykernel)",
   "language": "python",
   "name": "python3"
  },
  "language_info": {
   "codemirror_mode": {
    "name": "ipython",
    "version": 3
   },
   "file_extension": ".py",
   "mimetype": "text/x-python",
   "name": "python",
   "nbconvert_exporter": "python",
   "pygments_lexer": "ipython3",
   "version": "3.10.10"
  }
 },
 "nbformat": 4,
 "nbformat_minor": 5
}
